version https://git-lfs.github.com/spec/v1
oid sha256:0791791ac58f00bfd2c2a0db9a63f5f17e3bc9f2aee1ae95310157d6a3f621dd
size 5200415
