version https://git-lfs.github.com/spec/v1
oid sha256:755b3c34d3a1c1954bce61dcbf6cdb6c2f9b50797435a908ae92957ad437b897
size 5436820
