version https://git-lfs.github.com/spec/v1
oid sha256:b1d80a975b7a2736358892520983f8808ec506e60c87eb305155a624052e5746
size 5426139
