version https://git-lfs.github.com/spec/v1
oid sha256:6a2d8fa8f8fcc26032f6089568b15b573bde8c89314f30d6b460642152f6c0c9
size 5481752
